time,ensemble,pfaf_id,Rainf_tavg,Qair_f_tavg,Qs_tavg,Evap_tavg,Tair_f_tavg,SoilMoist_inst_lvl_0,SoilMoist_inst_lvl_1,SoilMoist_inst_lvl_2,SoilMoist_inst_lvl_3,SoilTemp_inst_lvl_0,SoilTemp_inst_lvl_1,SoilTemp_inst_lvl_2,SoilTemp_inst_lvl_3,Streamflow_tavg
2026-04-30T00:00:00,1.0,64249,3.0673229694366455,16.127506256103516,0.015321177430450916,3.3291611671447754,25.81901741027832,0.30675309896469116,0.3125620186328888,0.3212292492389679,0.33842146396636963,26.19208335876465,26.299585342407227,25.678245544433594,25.304153442382812,1566.5191650390625
2026-04-30T00:00:00,2.0,64249,4.150113582611084,16.98822021484375,0.02985924482345581,3.4562268257141113,25.849699020385742,0.3183898627758026,0.3211444020271301,0.3269350230693817,0.34191933274269104,26.28268814086914,26.35310935974121,25.73064422607422,25.330310821533203,1566.5882568359375
2026-04-30T00:00:00,3.0,64249,3.4006826877593994,16.29005241394043,0.020845629274845123,3.36915922164917,25.579830169677734,0.31149718165397644,0.31706100702285767,0.3255229592323303,0.34219974279403687,26.024232864379883,26.16104507446289,25.603683471679688,25.26643943786621,1566.5711669921875
2026-04-30T00:00:00,4.0,64249,3.051004648208618,15.95083999633789,0.015049071051180363,3.411576747894287,25.699996948242188,0.3067498803138733,0.31387200951576233,0.3225999176502228,0.3393992781639099,26.03498649597168,26.263887405395508,25.71878433227539,25.32908821105957,1566.601318359375
2026-04-30T00:00:00,5.0,64249,4.026148796081543,16.890483856201172,0.02768830955028534,3.448502540588379,25.64789390563965,0.3187010586261749,0.3218953311443329,0.3283957540988922,0.3439561724662781,26.1735897064209,26.25558853149414,25.644590377807617,25.271974563598633,1566.614990234375
2026-04-30T00:00:00,6.0,64249,2.7748467922210693,15.356672286987305,0.013363515958189964,3.3448052406311035,25.586502075195312,0.3031189441680908,0.31189146637916565,0.32149115204811096,0.338750958442688,25.836833953857422,26.077861785888672,25.59332847595215,25.292673110961914,1566.5986328125
2026-04-30T00:00:00,7.0,64249,4.405881881713867,17.011545181274414,0.034041546285152435,3.46938419342041,25.74062728881836,0.3194984793663025,0.32184675335884094,0.32720619440078735,0.34193089604377747,26.269948959350586,26.332983016967773,25.732694625854492,25.337434768676758,1566.5377197265625
2026-05-31T00:00:00,1.0,64249,1.9997941255569458,13.04771900177002,0.0064153666608035564,2.852654457092285,24.891796112060547,0.2762579321861267,0.2942628562450409,0.30525073409080505,0.3215009272098541,24.88096809387207,25.23153305053711,24.93094253540039,24.99738121032715,920.771484375
2026-05-31T00:00:00,2.0,64249,1.468241810798645,12.670110702514648,0.00292581575922668,2.814140796661377,25.00117301940918,0.2787168025970459,0.2983556091785431,0.3120167553424835,0.33013787865638733,24.748537063598633,25.125194549560547,24.916215896606445,25.052703857421875,928.4172973632812
2026-05-31T00:00:00,3.0,64249,1.2352761030197144,12.805610656738281,0.0021662984509021044,2.529400110244751,25.790748596191406,0.2596002519130707,0.2906959354877472,0.3048265874385834,0.3229987621307373,25.606447219848633,25.89059829711914,25.340425491333008,25.181997299194336,926.5808715820312
2026-05-31T00:00:00,4.0,64249,2.11456298828125,12.639225959777832,0.009859010577201843,2.8310959339141846,24.316726684570312,0.2781897783279419,0.29472124576568604,0.3060063123703003,0.3223428428173065,24.308998107910156,24.80314064025879,24.69378089904785,24.888002395629883,922.117431640625
2026-05-31T00:00:00,5.0,64249,1.871476650238037,13.39077091217041,0.005028285086154938,2.8509082794189453,25.037303924560547,0.28238293528556824,0.30086106061935425,0.31304997205734253,0.33057793974876404,24.909460067749023,25.252538681030273,24.95750617980957,25.023286819458008,929.2616577148438
2026-05-31T00:00:00,6.0,64249,2.3881635665893555,13.124409675598145,0.01233445294201374,2.9040379524230957,24.60405921936035,0.28321680426597595,0.29813310503959656,0.3079089820384979,0.3230593800544739,24.497652053833008,24.921802520751953,24.811613082885742,24.99432945251465,921.3782348632812
2026-05-31T00:00:00,7.0,64249,2.6336512565612793,13.636836051940918,0.012145069427788258,3.154081106185913,24.240549087524414,0.3048580288887024,0.31156420707702637,0.3206532299518585,0.3364276587963104,24.268980026245117,24.818859100341797,24.8690128326416,25.07757568359375,929.324951171875
2026-06-30T00:00:00,1.0,64249,0.7943020462989807,9.454802513122559,0.0006345378351397812,1.7002472877502441,23.374385833740234,0.22467610239982605,0.2782062888145447,0.29108506441116333,0.3065369725227356,23.523101806640625,24.044282913208008,23.758583068847656,24.090360641479492,765.7057495117188
2026-06-30T00:00:00,2.0,64249,1.5477086305618286,11.030878067016602,0.0031567797996103764,2.1665306091308594,24.330759048461914,0.2428397685289383,0.2831459939479828,0.2949289083480835,0.3109819293022156,24.457231521606445,24.904998779296875,24.480167388916016,24.539121627807617,772.0757446289062
2026-06-30T00:00:00,3.0,64249,0.9496201872825623,10.982501029968262,0.001105072326026857,1.6839804649353027,25.490108489990234,0.21509383618831635,0.2761307954788208,0.2891688346862793,0.3053397238254547,25.896066665649414,26.27581024169922,25.573795318603516,25.197572708129883,765.0342407226562
2026-06-30T00:00:00,4.0,64249,1.374755859375,10.922501564025879,0.003514690324664116,2.1533827781677246,23.874465942382812,0.2459830492734909,0.2797878384590149,0.2915887236595154,0.3072965443134308,23.917688369750977,24.294240951538086,23.957687377929688,24.22490692138672,767.744384765625
2026-06-30T00:00:00,5.0,64249,1.2455042600631714,11.196913719177246,0.0014671473763883114,2.147365093231201,25.32433319091797,0.2400304675102234,0.2833161950111389,0.29575762152671814,0.31195589900016785,25.28197479248047,25.67959213256836,25.074115753173828,24.82638168334961,770.340087890625
2026-06-30T00:00:00,6.0,64249,0.9909876585006714,10.39721965789795,0.0009735343046486378,1.8019086122512817,24.76141357421875,0.2258642166852951,0.2783697843551636,0.2917110323905945,0.3079952001571655,24.79529571533203,25.05303192138672,24.301061630249023,24.273847579956055,770.1215209960938
2026-06-30T00:00:00,7.0,64249,1.179578423500061,10.227664947509766,0.0025412095710635185,2.178846597671509,22.531015396118164,0.2549944519996643,0.290017306804657,0.30307212471961975,0.3199777901172638,22.486310958862305,22.968957901000977,22.880268096923828,23.54363441467285,779.8909912109375
2026-07-31T00:00:00,1.0,64249,0.8765678405761719,9.415627479553223,0.0006825763266533613,1.4350064992904663,26.912221908569336,0.19468945264816284,0.2689918577671051,0.2803407907485962,0.29431191086769104,26.986543655395508,27.1292781829834,25.6875,24.692115783691406,746.071533203125
2026-07-31T00:00:00,2.0,64249,1.9532041549682617,11.20814037322998,0.006847142241895199,2.381601572036743,24.909351348876953,0.246161550283432,0.278152197599411,0.28606942296028137,0.2987896203994751,24.974040985107422,25.338275909423828,24.446157455444336,24.22258758544922,747.4967041015625
2026-07-31T00:00:00,3.0,64249,0.9616841673851013,9.339448928833008,0.0010602172696962953,1.4775019884109497,26.517147064208984,0.19836078584194183,0.26780012249946594,0.27934956550598145,0.2936916947364807,26.57042121887207,26.84578514099121,25.7406005859375,25.294261932373047,743.3540649414062
2026-07-31T00:00:00,4.0,64249,1.3284354209899902,9.800054550170898,0.00268420297652483,1.9531173706054688,25.501821517944336,0.22532455623149872,0.270624577999115,0.28126612305641174,0.29534125328063965,25.35694122314453,25.617977142333984,24.45285987854004,24.02057456970215,748.19775390625
2026-07-31T00:00:00,5.0,64249,1.9031795263290405,11.208271980285645,0.005012021865695715,2.2942488193511963,26.163732528686523,0.23712889850139618,0.2765684127807617,0.285571813583374,0.29903900623321533,26.180524826049805,26.46923065185547,25.41948699951172,24.954204559326172,747.3878173828125
2026-07-31T00:00:00,6.0,64249,1.905400037765503,11.700434684753418,0.0043005673214793205,2.371777057647705,27.75677490234375,0.2356259524822235,0.27349066734313965,0.2821468710899353,0.2956167459487915,27.467370986938477,27.548086166381836,26.039209365844727,24.970699310302734,746.02099609375
2026-07-31T00:00:00,7.0,64249,0.9770945310592651,10.77519416809082,0.001115885330364108,1.7939587831497192,26.01434326171875,0.21977512538433075,0.2784050405025482,0.2903662323951721,0.3052292764186859,26.068960189819336,26.173507690429688,24.78137969970703,23.95878791809082,754.5153198242188
2026-08-31T00:00:00,1.0,64249,1.204865574836731,9.787005424499512,0.00157374597620219,1.6919080018997192,29.011301040649414,0.1952282041311264,0.2619094252586365,0.27208203077316284,0.28525400161743164,29.024391174316406,29.027740478515625,27.27701759338379,26.072595596313477,738.316162109375
2026-08-31T00:00:00,2.0,64249,1.0540580749511719,8.729195594787598,0.0028720845002681017,1.8500794172286987,26.40203857421875,0.21082451939582825,0.269414484500885,0.2780974209308624,0.2899765372276306,26.440671920776367,26.64255714416504,25.287551879882812,24.608123779296875,744.5704345703125
2026-08-31T00:00:00,3.0,64249,2.1795897483825684,10.956769943237305,0.009648175910115242,2.4258482456207275,24.510822296142578,0.24294762313365936,0.27205631136894226,0.2750054895877838,0.2856091558933258,25.203901290893555,25.90616798400879,25.36129379272461,25.315162658691406,738.9512329101562
2026-08-31T00:00:00,4.0,64249,2.350472927093506,11.640707015991211,0.010672532021999359,2.4291536808013916,26.340065002441406,0.2386009693145752,0.2688136100769043,0.2737027108669281,0.28582048416137695,26.739246368408203,27.195913314819336,26.108007431030273,25.30328941345215,741.4490966796875
2026-08-31T00:00:00,5.0,64249,0.9828144907951355,8.981974601745605,0.0014747033128514886,1.7276909351348877,27.90433692932129,0.20072560012340546,0.2674599289894104,0.2770072817802429,0.2895614504814148,27.908937454223633,28.08213233947754,26.557661056518555,25.617998123168945,742.738037109375
2026-08-31T00:00:00,6.0,64249,1.926813006401062,11.777997016906738,0.00412786053493619,2.3465068340301514,29.070600509643555,0.2268570363521576,0.26612117886543274,0.27374088764190674,0.28645291924476624,28.8298282623291,28.989398956298828,27.430835723876953,26.311899185180664,741.4834594726562
2026-08-31T00:00:00,7.0,64249,2.1043264865875244,12.283878326416016,0.007541865110397339,2.28852915763855,28.153995513916016,0.22647248208522797,0.27295148372650146,0.28081217408180237,0.29392677545547485,28.248924255371094,28.369544982910156,26.722524642944336,25.478330612182617,742.491455078125
2026-09-30T00:00:00,1.0,64249,2.05574893951416,11.483009338378906,0.0055079772137105465,2.380361795425415,29.8502140045166,0.2151564657688141,0.25587987899780273,0.2639668881893158,0.2777272164821625,30.16526222229004,30.327682495117188,28.728281021118164,27.477813720703125,736.1218872070312
2026-09-30T00:00:00,2.0,64249,2.2722384929656982,11.830154418945312,0.010580327361822128,2.1407880783081055,29.940860748291016,0.20621933043003082,0.26071256399154663,0.2686711847782135,0.28161317110061646,30.45262908935547,30.421749114990234,28.376155853271484,26.512182235717773,742.3959350585938
2026-09-30T00:00:00,3.0,64249,1.9416522979736328,12.329167366027832,0.008038864471018314,2.210651159286499,30.635759353637695,0.20819991827011108,0.2589362561702728,0.26673635840415955,0.278888076543808,30.956144332885742,30.6949405670166,28.304380416870117,26.428314208984375,743.8527221679688
2026-09-30T00:00:00,4.0,64249,2.5060133934020996,14.444305419921875,0.013025089167058468,2.771289110183716,28.141685485839844,0.24585111439228058,0.2688636779785156,0.27058908343315125,0.2797795534133911,28.592212677001953,28.613645553588867,26.900461196899414,25.825531005859375,741.6178588867188
2026-09-30T00:00:00,5.0,64249,3.1732306480407715,13.576333045959473,0.02008596621453762,2.8878815174102783,28.93138885498047,0.24258345365524292,0.26778310537338257,0.27043047547340393,0.28153300285339355,29.25934410095215,29.58294105529785,28.272314071655273,27.121681213378906,740.2924194335938
2026-09-30T00:00:00,6.0,64249,2.8921916484832764,13.830608367919922,0.018531233072280884,2.649726390838623,29.173873901367188,0.23558242619037628,0.2661503255367279,0.268081933259964,0.27903279662132263,29.846759796142578,30.255855560302734,29.033052444458008,27.860057830810547,739.2303466796875
2026-09-30T00:00:00,7.0,64249,3.001802444458008,13.790898323059082,0.013877902179956436,3.203312397003174,29.187646865844727,0.25307461619377136,0.27247244119644165,0.2759449779987335,0.28643301129341125,29.083934783935547,29.34211540222168,27.995161056518555,26.89830780029297,741.6068725585938
