time,ensemble,pfaf_id,Rainf_tavg,Qair_f_tavg,Qs_tavg,Evap_tavg,Tair_f_tavg,SoilMoist_inst_lvl_0,SoilMoist_inst_lvl_1,SoilMoist_inst_lvl_2,SoilMoist_inst_lvl_3,SoilTemp_inst_lvl_0,SoilTemp_inst_lvl_1,SoilTemp_inst_lvl_2,SoilTemp_inst_lvl_3,Streamflow_tavg
2026-04-30T00:00:00,1.0,62492,3.265458583831787,16.70863914489746,0.057125840336084366,3.6914103031158447,25.2016544342041,0.3938674032688141,0.3975640535354614,0.40513938665390015,0.41761139035224915,25.675830841064453,25.796924591064453,25.618179321289062,25.63594627380371,1617.33837890625
2026-04-30T00:00:00,2.0,62492,3.664586067199707,17.19100570678711,0.06536583602428436,3.7623722553253174,25.88654899597168,0.39824342727661133,0.4007420837879181,0.40756893157958984,0.4195215404033661,26.211872100830078,26.229219436645508,25.871585845947266,25.72323989868164,1615.465087890625
2026-04-30T00:00:00,3.0,62492,3.095611810684204,16.81892967224121,0.05669202283024788,3.686617612838745,25.434154510498047,0.39155083894729614,0.39691826701164246,0.40596243739128113,0.4196869134902954,25.800033569335938,25.871116638183594,25.652969360351562,25.655576705932617,1619.5091552734375
2026-04-30T00:00:00,4.0,62492,3.2093803882598877,16.827680587768555,0.054112594574689865,3.690178871154785,25.439682006835938,0.39130792021751404,0.3957008719444275,0.4036838710308075,0.4165884256362915,25.816307067871094,25.884891510009766,25.640565872192383,25.646156311035156,1616.6004638671875
2026-04-30T00:00:00,5.0,62492,4.009155750274658,17.395652770996094,0.08200640976428986,3.727766513824463,25.452274322509766,0.4012731611728668,0.403110533952713,0.4096711277961731,0.4218047261238098,26.053508758544922,26.05829620361328,25.732521057128906,25.659908294677734,1619.9415283203125
2026-04-30T00:00:00,6.0,62492,3.226001262664795,16.610641479492188,0.05619647726416588,3.7071239948272705,25.23950958251953,0.39367738366127014,0.39787933230400085,0.40611258149147034,0.41947242617607117,25.64565086364746,25.747352600097656,25.57411003112793,25.632083892822266,1618.8330078125
2026-04-30T00:00:00,7.0,62492,3.9759247303009033,17.377904891967773,0.07733891159296036,3.762244462966919,25.724334716796875,0.4007977843284607,0.40268605947494507,0.40921974182128906,0.4212930202484131,26.191823959350586,26.170549392700195,25.81902313232422,25.707218170166016,1616.318115234375
2026-05-31T00:00:00,1.0,62492,1.2851946353912354,13.405153274536133,0.006892405450344086,3.0578792095184326,25.623523712158203,0.3223014175891876,0.37069395184516907,0.38253507018089294,0.39591383934020996,25.314767837524414,25.40218162536621,25.099075317382812,25.28753089904785,1196.63232421875
2026-05-31T00:00:00,2.0,62492,1.2419885396957397,13.243680953979492,0.005583771504461765,3.211516857147217,25.52737808227539,0.329326331615448,0.3704603314399719,0.38400012254714966,0.39835456013679504,25.081682205200195,25.2794246673584,25.182889938354492,25.466625213623047,1215.29736328125
2026-05-31T00:00:00,3.0,62492,1.3085505962371826,13.726880073547363,0.007987062446773052,2.932420492172241,25.906251907348633,0.3139101564884186,0.3700885772705078,0.3808092176914215,0.3936236500740051,25.799945831298828,25.899845123291016,25.477876663208008,25.48429298400879,1199.2581787109375
2026-05-31T00:00:00,4.0,62492,1.8290448188781738,14.444866180419922,0.015019330196082592,3.420745849609375,25.589937210083008,0.34723952412605286,0.37314480543136597,0.3845188617706299,0.3966900706291199,25.284584045410156,25.490333557128906,25.326663970947266,25.434350967407227,1200.14501953125
2026-05-31T00:00:00,5.0,62492,1.4444007873535156,14.264835357666016,0.00937793031334877,3.3877968788146973,25.318401336669922,0.3442767560482025,0.37359973788261414,0.3871561288833618,0.40146973729133606,24.978147506713867,25.2518310546875,25.193893432617188,25.41954231262207,1214.7142333984375
2026-05-31T00:00:00,6.0,62492,2.6968421936035156,15.207151412963867,0.036543384194374084,3.606076955795288,25.49654197692871,0.3713827431201935,0.38406240940093994,0.39236345887184143,0.4027419090270996,25.268753051757812,25.49236488342285,25.390113830566406,25.457351684570312,1202.2724609375
2026-05-31T00:00:00,7.0,62492,1.9399545192718506,14.185643196105957,0.016015250235795975,3.5794596672058105,24.8314208984375,0.3638346493244171,0.3772893249988556,0.38895660638809204,0.4021379351615906,24.5727481842041,24.933238983154297,25.082597732543945,25.43672752380371,1218.3021240234375
2026-06-30T00:00:00,1.0,62492,0.6437694430351257,9.376893043518066,0.0015525538474321365,1.1730250120162964,25.16237449645996,0.22135049104690552,0.36652371287345886,0.37051382660865784,0.3782757520675659,25.940418243408203,26.216018676757812,25.56243133544922,25.31226921081543,1147.6617431640625
2026-06-30T00:00:00,2.0,62492,1.1543478965759277,11.188989639282227,0.003441205946728587,1.633512020111084,26.620319366455078,0.23606181144714355,0.36631590127944946,0.37052223086357117,0.37870991230010986,27.278364181518555,27.232967376708984,26.163101196289062,25.589250564575195,1153.6202392578125
2026-06-30T00:00:00,3.0,62492,0.8015319108963013,11.00201416015625,0.0017540138214826584,1.300167202949524,27.092487335205078,0.22289785742759705,0.36596575379371643,0.36971232295036316,0.3771650493144989,27.904800415039062,27.81903839111328,26.629304885864258,25.87101936340332,1146.406982421875
2026-06-30T00:00:00,4.0,62492,1.1412811279296875,11.44793701171875,0.0032878294587135315,1.8365840911865234,26.6704158782959,0.24507281184196472,0.36467087268829346,0.3695543706417084,0.37855634093284607,27.135562896728516,27.08732032775879,26.050151824951172,25.53300666809082,1154.6390380859375
2026-06-30T00:00:00,5.0,62492,0.7702115774154663,10.568686485290527,0.0014696692815050483,1.586082935333252,26.154621124267578,0.23870065808296204,0.364942342042923,0.37038472294807434,0.37981343269348145,26.62822914123535,26.665197372436523,25.776817321777344,25.391372680664062,1151.6112060546875
2026-06-30T00:00:00,6.0,62492,0.7911585569381714,10.72526741027832,0.0026047800201922655,1.6346882581710815,25.55034828186035,0.24466784298419952,0.36920830607414246,0.37504127621650696,0.3848261535167694,25.989173889160156,26.010225296020508,25.243648529052734,25.160972595214844,1166.2396240234375
2026-06-30T00:00:00,7.0,62492,1.199364185333252,10.989870071411133,0.00615104753524065,2.1125967502593994,24.568798065185547,0.26658618450164795,0.36536669731140137,0.37198203802108765,0.3820180296897888,24.794981002807617,25.065874099731445,24.64558219909668,24.822200775146484,1157.068359375
2026-07-31T00:00:00,1.0,62492,0.5334102511405945,8.3803071975708,0.0011172918602824211,0.9685608148574829,27.132917404174805,0.20632265508174896,0.3610159456729889,0.364035964012146,0.37003853917121887,27.789697647094727,27.829914093017578,26.669809341430664,25.948200225830078,1137.1383056640625
2026-07-31T00:00:00,2.0,62492,1.392393946647644,10.885555267333984,0.00737400446087122,1.80479097366333,27.782636642456055,0.23348025977611542,0.36026638746261597,0.36371469497680664,0.3699382245540619,28.2498722076416,28.361177444458008,27.240550994873047,26.460172653198242,1142.45361328125
2026-07-31T00:00:00,3.0,62492,0.6611887216567993,8.838104248046875,0.0014886026037856936,1.1471117734909058,27.153165817260742,0.2119329571723938,0.36005404591560364,0.3630881607532501,0.36902889609336853,27.92662239074707,28.25600242614746,27.39739418029785,26.753150939941406,1138.4871826171875
2026-07-31T00:00:00,4.0,62492,0.8808156847953796,9.100115776062012,0.0022688221652060747,1.3463557958602905,26.54522705078125,0.22046256065368652,0.360035240650177,0.36318239569664,0.36931830644607544,27.287565231323242,27.45321273803711,26.5615177154541,26.1446533203125,1140.290771484375
2026-07-31T00:00:00,5.0,62492,1.1592358350753784,10.231874465942383,0.004022157285362482,1.6197636127471924,27.307140350341797,0.22856174409389496,0.3605641722679138,0.36392849683761597,0.3702166676521301,27.99781608581543,28.059297561645508,26.94255828857422,26.1988525390625,1139.6976318359375
2026-07-31T00:00:00,6.0,62492,1.4740654230117798,11.200216293334961,0.007033785339444876,1.9444202184677124,28.026695251464844,0.23969024419784546,0.36446988582611084,0.3680121600627899,0.37458235025405884,28.41981315612793,28.38995361328125,27.05775260925293,26.038700103759766,1140.5745849609375
2026-07-31T00:00:00,7.0,62492,0.46903762221336365,9.797022819519043,0.000713930232450366,1.0288487672805786,26.8254337310791,0.21306662261486053,0.36142846941947937,0.36472657322883606,0.3712034523487091,27.72013282775879,27.618249893188477,26.305763244628906,25.448020935058594,1144.0489501953125
2026-08-31T00:00:00,1.0,62492,0.5807859301567078,8.447029113769531,0.0016296259127557278,0.9674237370491028,29.599828720092773,0.20115429162979126,0.35534512996673584,0.357986718416214,0.36358579993247986,30.408370971679688,30.185205459594727,28.459636688232422,27.147409439086914,1132.5433349609375
2026-08-31T00:00:00,2.0,62492,0.8181372880935669,8.407990455627441,0.0026376727037131786,1.3719747066497803,28.150243759155273,0.215366929769516,0.35386547446250916,0.3568125367164612,0.3628528416156769,28.756324768066406,28.975290298461914,27.896236419677734,27.218612670898438,1142.8568115234375
2026-08-31T00:00:00,3.0,62492,1.7827378511428833,11.53864574432373,0.013700573705136776,2.237595558166504,27.350801467895508,0.24758891761302948,0.3514835238456726,0.35543814301490784,0.36211153864860535,28.14866065979004,28.43682861328125,27.62395477294922,27.206281661987305,1136.593505859375
2026-08-31T00:00:00,4.0,62492,1.9740675687789917,11.735666275024414,0.019212841987609863,2.299899101257324,27.896841049194336,0.24979212880134583,0.3517530560493469,0.35612061619758606,0.36249756813049316,28.70389175415039,29.086971282958984,28.16648292541504,27.22136688232422,1135.381591796875
2026-08-31T00:00:00,5.0,62492,1.0887322425842285,9.172675132751465,0.004749694373458624,1.4101513624191284,28.193225860595703,0.21567487716674805,0.3543702960014343,0.3571697473526001,0.36307504773139954,29.162654876708984,29.3411865234375,28.05121421813965,27.124618530273438,1141.63134765625
2026-08-31T00:00:00,6.0,62492,1.5909770727157593,11.114764213562012,0.007854878902435303,1.935775637626648,29.498859405517578,0.23211979866027832,0.3576226532459259,0.36077895760536194,0.36687538027763367,29.957134246826172,29.891788482666016,28.401582717895508,27.302711486816406,1140.890625
2026-08-31T00:00:00,7.0,62492,1.3226728439331055,11.10482406616211,0.006248550955206156,1.5776557922363281,30.1652774810791,0.21948395669460297,0.3554231524467468,0.3583645522594452,0.36399975419044495,30.82529067993164,30.5076904296875,28.58835220336914,27.04046630859375,1136.3541259765625
2026-09-30T00:00:00,1.0,62492,1.7462095022201538,10.921727180480957,0.018952956423163414,1.9730019569396973,30.710548400878906,0.22684477269649506,0.34854865074157715,0.35145026445388794,0.35751989483833313,31.57108497619629,31.587430953979492,30.16048812866211,28.793895721435547,1129.2265625
2026-09-30T00:00:00,2.0,62492,1.9593247175216675,11.857436180114746,0.026042209938168526,2.2692699432373047,30.99209976196289,0.23984548449516296,0.34705203771591187,0.35021889209747314,0.3565872013568878,31.521215438842773,31.436378479003906,29.890277862548828,28.408926010131836,1135.4468994140625
2026-09-30T00:00:00,3.0,62492,2.063859462738037,12.098182678222656,0.021871676668524742,2.227217674255371,31.199241638183594,0.23524349927902222,0.3450854420661926,0.34757062792778015,0.35464832186698914,31.666994094848633,31.419761657714844,29.556476593017578,28.090665817260742,1143.9158935546875
2026-09-30T00:00:00,4.0,62492,2.5560505390167236,14.753886222839355,0.03940670192241669,3.0348894596099854,29.29176902770996,0.27791479229927063,0.34016311168670654,0.3450767695903778,0.3541516959667206,29.492050170898438,29.463512420654297,28.225074768066406,27.54313087463379,1146.9859619140625
2026-09-30T00:00:00,5.0,62492,3.107248544692993,14.93637466430664,0.06568096578121185,3.1569275856018066,29.13762855529785,0.2910567820072174,0.34752824902534485,0.3499757647514343,0.35657814145088196,29.56879425048828,29.807361602783203,29.00077247619629,28.1841983795166,1135.4930419921875
2026-09-30T00:00:00,6.0,62492,2.2510335445404053,13.390904426574707,0.03264710679650307,2.470716714859009,31.214412689208984,0.24501945078372955,0.3501453995704651,0.3533903658390045,0.3600023090839386,31.78179931640625,31.809011459350586,30.281269073486328,28.816965103149414,1138.436767578125
2026-09-30T00:00:00,7.0,62492,3.3678863048553467,15.846512794494629,0.06230851635336876,3.613342761993408,29.000593185424805,0.30759426951408386,0.34487876296043396,0.34924063086509705,0.3569851815700531,29.199020385742188,29.626548767089844,29.11098289489746,28.4472599029541,1143.8409423828125
